-4.540679830147523433e+01 -4.447784583221582722e+01 -4.575159326667041881e+01 -4.468153080711979186e+01
-4.547708015529232028e+01 -4.442818749456551330e+01 -4.446436055799854614e+01 -4.461041207695569710e+01
-4.414163108704115501e+01 -4.440916624706376581e+01 -4.428679238177852540e+01 -4.416776845914778704e+01
-4.550733247923106006e+01 -4.429333690582240024e+01 -4.442922107893662087e+01 -4.440269598695766717e+01
-4.637089976986308670e+01 -4.494507071759326067e+01 -4.486235619969827582e+01 -4.496166882422091504e+01
-4.530658491077207373e+01 -4.487958755296063629e+01 -4.476310784758623385e+01 -4.475408150695533038e+01
-4.594390634259076478e+01 -4.493341829249681041e+01 -4.488786457423003640e+01 -4.468831694400986265e+01
-4.566462185938458163e+01 -4.496327043925797540e+01 -4.513320026455284051e+01 -4.509859079270597704e+01
-4.607281364261483247e+01 -4.546847813443498865e+01 -4.521330740149994654e+01 -4.531579239636414513e+01
-4.697836447717250508e+01 -4.579067858708500438e+01 -4.551807385731189015e+01 -4.551021687465941312e+01
-4.597599418892768597e+01 -4.616968418790943929e+01 -4.599215029424849632e+01 -4.624940501046171448e+01
-4.690277687108128646e+01 -4.702347091450265282e+01 -4.681804622690041384e+01 -4.676167384577999542e+01
-4.831065583845252576e+01 -4.780995216966346106e+01 -4.756448711392368267e+01 -4.783388638785668689e+01
-4.959543709525951982e+01 -4.875005408751776770e+01 -4.867581355238466756e+01 -4.866345409705679970e+01
-5.004499697405500314e+01 -4.975226764939691293e+01 -4.951963278340277697e+01 -4.954890949737092143e+01
-5.104763633766341968e+01 -5.067168314139462382e+01 -5.079111592588972712e+01 -5.067776733137520750e+01
-5.188409897942803184e+01 -5.194459249046561666e+01 -5.187859624153634286e+01 -5.178535953372370670e+01
-5.322356150208020864e+01 -5.324589455569504537e+01 -5.307599274587642668e+01 -5.322387187159872468e+01
-5.522585610594915551e+01 -5.482980948359875839e+01 -5.476605234588082283e+01 -5.485378209263949145e+01
-5.669726154830922837e+01 -5.653963161460684006e+01 -5.653088779500018290e+01 -5.688533517049879151e+01
-4.432626036587340934e+01 -4.429841623337002687e+01 -4.470225542897103566e+01 -4.449909104613598032e+01
-4.444743904419134140e+01 -4.458893155634292782e+01 -4.431539073569084053e+01 -4.430454624077910353e+01
-4.472237528175344323e+01 -4.457018478523082905e+01 -4.480875908109660344e+01 -4.471657099866211382e+01
-4.490484743824333691e+01 -4.486327455611852599e+01 -4.470078729286421293e+01 -4.468845314777842503e+01
-4.442017807320563350e+01 -4.419975454835051210e+01 -4.441358691504595413e+01 -4.428463328939457710e+01
-4.462721087067205872e+01 -4.465613998998272649e+01 -4.432215004793476254e+01 -4.466485634886197431e+01
-4.498832139992697421e+01 -4.492611946083184904e+01 -4.503716228623349593e+01 -4.496308315832883551e+01
-4.571777216503999597e+01 -4.567079402871668492e+01 -4.567143611339555775e+01 -4.573509361698660314e+01
-4.619348154377624383e+01 -4.627107479580838856e+01 -4.635801176640621435e+01 -4.632206627662007037e+01
-4.619682059613086977e+01 -4.599994506773223435e+01 -4.626237314320104588e+01 -4.622804132633489616e+01
-4.640268446431819171e+01 -4.647518394305561884e+01 -4.629021685421257359e+01 -4.654534105111322617e+01
-4.696709221869690509e+01 -4.697246415930369068e+01 -4.702874762124865526e+01 -4.722947547760514908e+01
-4.795408889220678361e+01 -4.821076099013801297e+01 -4.798728465961701062e+01 -4.822236696376447185e+01
-4.880047496819637587e+01 -4.868334179644799065e+01 -4.870645368663670638e+01 -4.858778509799198275e+01
-4.963339066841111702e+01 -4.976507800945306315e+01 -4.966210351057303996e+01 -4.988047503736900978e+01
-5.062451102388325808e+01 -5.059617010727578901e+01 -5.056010006402009083e+01 -5.068200322618656628e+01
-5.160945349473870181e+01 -5.167467170800259879e+01 -5.150044002680652255e+01 -5.173844743683622482e+01
-5.273654814642122801e+01 -5.265440849992422301e+01 -5.268679615271940264e+01 -5.260028309809358404e+01
-5.394841085613268916e+01 -5.378740995566074901e+01 -5.387029562627994750e+01 -5.401932414341754907e+01
-5.486446135767700127e+01 -5.476056819174247181e+01 -5.487913101063820420e+01 -5.530223900014561877e+01
-4.430215364383238352e+01 -4.405394787240149412e+01 -4.505759372604258317e+01 -4.445073061131266456e+01
-4.444869858203534818e+01 -4.458312879497285763e+01 -4.423248854752017678e+01 -4.455619998386962521e+01
-4.318442100836214337e+01 -4.513662546503960726e+01 -4.512456356034030591e+01 -4.493290735861977936e+01
-4.498293489805543288e+01 -4.507393711025073912e+01 -4.545263070519430926e+01 -4.314808941659424590e+01
-4.488224019719215363e+01 -4.477705250318109620e+01 -4.321666940523153499e+01 -4.484160386421347511e+01
-4.489056529567760379e+01 -4.451815255574991426e+01 -4.496451395945487661e+01 -4.484509961752875284e+01
-4.505789752380030677e+01 -4.466725926027641691e+01 -4.511449145327340204e+01 -4.498810763973394700e+01
-4.598627758143199173e+01 -4.619264322460897176e+01 -4.603240506740548454e+01 -4.593416247886980130e+01
-4.627492326605769790e+01 -4.614133834796261624e+01 -4.620228606506675106e+01 -4.633148379341087519e+01
-4.645175338592967051e+01 -4.636188315145977157e+01 -4.634661687006204289e+01 -4.640125977516860445e+01
-4.670264277207697745e+01 -4.654651649921412115e+01 -4.672248638670156851e+01 -4.664733223747766999e+01
-4.712089055614713118e+01 -4.736976409846310077e+01 -4.713346813519324030e+01 -4.718947658057892625e+01
-4.819990120077140006e+01 -4.823182753478482709e+01 -4.819733992717154791e+01 -4.834665615865488064e+01
-4.894177650888700981e+01 -4.895301605200997130e+01 -4.895267093027731420e+01 -4.898528063999752646e+01
-4.937344782850018277e+01 -4.928937710574552966e+01 -4.920370851361779074e+01 -4.938085938158683064e+01
-5.028296962519281976e+01 -5.011132957992011683e+01 -5.020523603844731753e+01 -5.012922183506213969e+01
-5.103461895990153607e+01 -5.093760077598302871e+01 -5.104502564506090323e+01 -5.095225208564623642e+01
-5.167079790426907238e+01 -5.166929712251516804e+01 -5.170662396691374596e+01 -5.160304169410780162e+01
-5.244009154774337844e+01 -5.248299893592328402e+01 -5.244404929539689419e+01 -5.252728730444073335e+01
-5.343648321746911733e+01 -5.311316608765665848e+01 -5.314336474379121000e+01 -5.374917972314207759e+01
-4.416997953328746007e+01 -4.403259519125315080e+01 -4.560425406554028882e+01 -4.413595193299914854e+01
-4.423512114001265871e+01 -4.430846101571260931e+01 -4.425520145724364340e+01 -4.425925954775706828e+01
-4.459999020499741107e+01 -4.482061251632169530e+01 -4.485973929873406263e+01 -4.481780511937006395e+01
-4.493934645312937448e+01 -4.480636202826939041e+01 -4.466603983864677474e+01 -4.474471606091612585e+01
-4.505732882696063513e+01 -4.468890073948517738e+01 -4.495182756531537649e+01 -4.493459179393521197e+01
-4.511904413618054832e+01 -4.513921045069254490e+01 -3.573111535009467588e+01 -4.515018620081512779e+01
-4.535993928774843198e+01 -4.425294518485128492e+01 -4.548944181541133247e+01 -4.554680927303914473e+01
-4.637633889804844500e+01 -4.644043423713257113e+01 -4.632475222211624555e+01 -4.654790756439076915e+01
-4.671496383521021301e+01 -4.665764812252005100e+01 -4.663476969696986885e+01 -4.655910905029149660e+01
-4.666415252787927415e+01 -4.673236693917991147e+01 -4.662753609386571441e+01 -4.692783772754656013e+01
-4.735192051908866517e+01 -4.723146900302886309e+01 -4.729370276641223825e+01 -4.723290562189694697e+01
-4.764147889117508328e+01 -4.770807997995716221e+01 -4.772712715516415471e+01 -4.770632728958316449e+01
-4.844855018645703382e+01 -4.846333042280702585e+01 -4.843661113467278767e+01 -4.852124286546348486e+01
-4.951707509446398348e+01 -4.940086945758403658e+01 -4.936950950816213179e+01 -4.948032740221319159e+01
-5.009825987861779595e+01 -5.005590035295186624e+01 -5.013832813720162562e+01 -5.009948497494081465e+01
-4.997942540984657711e+01 -5.003718929745603816e+01 -5.015129447283375441e+01 -5.014226241391638439e+01
-5.026236321578293342e+01 -5.025134562543808414e+01 -5.036508157449148371e+01 -5.017905349210172261e+01
-5.072696937472609591e+01 -5.073254177853864633e+01 -5.088938799459964457e+01 -5.074010044611833337e+01
-5.137176418516098408e+01 -5.141655394551705882e+01 -5.130852509787787596e+01 -5.125908174238562509e+01
-5.203912445130922038e+01 -5.188518040742573589e+01 -5.192849372138910979e+01 -5.197306812080640270e+01
-4.368619706522546409e+01 -4.372637097096969683e+01 -4.526941897093244194e+01 -4.377274588510653075e+01
-4.426046304373934248e+01 -4.440833222509209577e+01 -4.417432379938927056e+01 -4.431840308521481120e+01
-4.479683315112016118e+01 -4.462364481124068050e+01 -4.462705196037522626e+01 -4.471670263192092420e+01
-4.474891564922790366e+01 -4.486413392188493532e+01 -4.496269555281415364e+01 -4.493478210979781551e+01
-4.532038960906412939e+01 -4.527316862742759440e+01 -4.537654810765393165e+01 -4.525909793076012733e+01
-4.498798840537379817e+01 -4.533820342359172884e+01 -4.538908416447623750e+01 -4.515383825688024899e+01
-4.553007531773484118e+01 -4.580173323554756593e+01 -4.576060840744978009e+01 -4.581030887154321363e+01
-4.604430170469596106e+01 -4.614891324727922495e+01 -4.624413544423502742e+01 -4.603608663875078832e+01
-4.645306399717011914e+01 -4.663696746964697581e+01 -4.645857363343483826e+01 -4.646855733365805463e+01
-4.683897719980019758e+01 -4.681504667104880468e+01 -4.684839293848281727e+01 -4.662010992732639636e+01
-4.779876545486619932e+01 -4.770882706030943865e+01 -4.762078860370855438e+01 -4.777039557048933460e+01
-4.786578335562057873e+01 -4.786684205674703207e+01 -4.806926517349307204e+01 -4.801057382779843152e+01
-4.852243665760203584e+01 -4.857137231389393150e+01 -4.856181570777676626e+01 -4.858776466483212175e+01
-4.934885373441121459e+01 -4.928740448205948610e+01 -4.924182233129901221e+01 -4.946628615003024265e+01
-5.009555324883113059e+01 -5.000218279845401526e+01 -4.993358897210334391e+01 -4.996368007630489672e+01
-4.974020607821373829e+01 -4.951927378766526999e+01 -4.978664101992184499e+01 -4.971638763144793671e+01
-4.977120186821601067e+01 -4.969824222742221309e+01 -4.972002926349815510e+01 -4.982260560941919891e+01
-5.020451413549423592e+01 -5.011024586308636941e+01 -5.024038017903637865e+01 -5.003317349710955853e+01
-5.067121010824568117e+01 -5.066583173945762297e+01 -5.058927043666483314e+01 -5.072487984495476354e+01
-5.075879802999256896e+01 -5.074908230802835618e+01 -5.071765643810341118e+01 -5.118236277724508199e+01
-4.382667313561115208e+01 -4.387970965597286721e+01 -4.571402865781623603e+01 -4.387168472870150282e+01
-4.410997355304363055e+01 -4.426224749902999633e+01 -4.433312670857738880e+01 -4.426696067651740663e+01
-4.437781091946545331e+01 -4.447559939719639033e+01 -4.448236409929885582e+01 -4.450877460046967826e+01
-4.499641713044408675e+01 -4.493665353546358432e+01 -4.473282292697113860e+01 -4.477348522158813182e+01
-4.482747285048583308e+01 -4.497478561318409618e+01 -4.507771408093399401e+01 -4.496946224178913099e+01
-4.543943752154615368e+01 -4.554355369029477174e+01 -4.527147071065478201e+01 -4.549234143323932500e+01
-4.583330051361209456e+01 -4.599590208054234353e+01 -4.579291450009957032e+01 -4.572794881559715918e+01
-4.613818931821193559e+01 -4.620547582122893004e+01 -4.609259954735608034e+01 -4.636549164114227040e+01
-4.650881006391902872e+01 -4.659774546152682717e+01 -4.647781537615593805e+01 -4.655674416959394080e+01
-4.688569438886501928e+01 -4.695662680936450784e+01 -4.678401510026597521e+01 -4.706577196931304030e+01
-4.763448811622719603e+01 -4.762559829313655513e+01 -4.760341412931757077e+01 -4.779761182885558668e+01
-4.796184366514236785e+01 -4.809635732385017093e+01 -4.783542694841301568e+01 -4.792215027071254241e+01
-4.823016976942049183e+01 -4.837569896330684571e+01 -4.836272532944219193e+01 -4.843022291467210039e+01
-4.885202521490533911e+01 -4.903677738778181805e+01 -4.899887546058003096e+01 -4.899346671042614787e+01
-4.976493017972200050e+01 -4.953641110579007290e+01 -4.954145106691060363e+01 -4.949267732559264488e+01
-4.976500844063957629e+01 -4.977148282025819981e+01 -4.968779101048398417e+01 -4.965509743481806026e+01
-4.959793429302985146e+01 -4.961039396250097866e+01 -4.962786942500284226e+01 -4.952830715228716940e+01
-4.972358068647247364e+01 -4.971017522963553859e+01 -4.917174551424449191e+01 -4.974280493172804540e+01
-5.012273495617115771e+01 -4.987579543620515210e+01 -4.960748494891348059e+01 -4.993632550213304455e+01
-5.004003837456217951e+01 -5.002782212967119335e+01 -4.989338340248283998e+01 -5.051564898642646995e+01
-4.392703807004166094e+01 -4.414439171139405005e+01 -4.445792713506605764e+01 -4.390854225814261724e+01
-4.397822558685727756e+01 -4.382471482254101858e+01 -4.393474074234659099e+01 -4.396000896051660334e+01
-4.447132404791270233e+01 -4.431009937118203368e+01 -4.431622185743611908e+01 -4.439130195697910608e+01
-4.494045179858661498e+01 -4.487982870370373689e+01 -4.477992819846279815e+01 -4.493502739314927652e+01
-4.530556059952368742e+01 -4.524308864437928435e+01 -4.511059352880882756e+01 -4.519357380127753743e+01
-4.556505055542943694e+01 -4.561093616197602785e+01 -4.578130031029425595e+01 -4.566336644275337875e+01
-4.606360351202278025e+01 -4.604270965389919468e+01 -4.624210875758133454e+01 -4.611772062407818851e+01
-4.620478805783085363e+01 -4.623603065331033690e+01 -4.642116599045928638e+01 -4.636844377609350687e+01
-4.659554816864159221e+01 -4.669523583302807168e+01 -4.674728495496289327e+01 -4.676397974592890705e+01
-4.711849992089560857e+01 -4.700304004245207068e+01 -4.704562231733709154e+01 -4.716595833428652185e+01
-4.756903816319829303e+01 -4.773568728795162741e+01 -4.757673708022856118e+01 -4.761955226719101120e+01
-4.807013839077090012e+01 -4.801923761818702019e+01 -4.813846406208833884e+01 -4.798818355061897023e+01
-4.834611752192715528e+01 -4.808996690478468850e+01 -4.819903942916332085e+01 -4.829485789940200391e+01
-4.858779169350770388e+01 -4.865097745825634945e+01 -4.873645452785430621e+01 -4.862649041349138912e+01
-4.899800021818035844e+01 -4.899567180392137544e+01 -4.907447818433654874e+01 -4.897000302854425513e+01
-4.920813264827886968e+01 -4.910414412958027697e+01 -4.906020356028456320e+01 -4.899940496186781047e+01
-4.889471147651018157e+01 -4.922007195360023246e+01 -4.928659501550147581e+01 -4.933632813819581031e+01
-4.948840146271970042e+01 -4.937381165830401386e+01 -4.937506571887149676e+01 -4.954492468826904883e+01
-4.973786356867385194e+01 -4.964766283047905659e+01 -4.955032515644046498e+01 -4.947437168793204876e+01
-4.971997227810850006e+01 -4.948855517863716358e+01 -4.971338530487255980e+01 -5.044219303699507151e+01
-4.392711716806842048e+01 -4.498948911405225459e+01 -4.511583919325440206e+01 -4.410089292920206816e+01
-4.378326445901804220e+01 -4.540691614317598379e+01 -4.384829067236537981e+01 -4.393728346919709082e+01
-4.437950995833995194e+01 -4.574704934081730556e+01 -4.411902006529452080e+01 -4.414665887563170799e+01
-4.468403146922801739e+01 -4.464719232542513083e+01 -4.477630314649992016e+01 -4.487447515029712974e+01
-4.517659388839719981e+01 -4.571095135280265964e+01 -4.511722326941828953e+01 -4.503469854404335848e+01
-4.533619691315768563e+01 -4.630985376124451136e+01 -4.547088291356455159e+01 -4.540363857046493479e+01
-4.578572378222197159e+01 -4.647455815052908434e+01 -4.554158184342720972e+01 -4.568556491298108568e+01
-4.595807806813375862e+01 -4.649236606696786822e+01 -4.602440720223314230e+01 -4.601998975023672500e+01
-4.649716878229455830e+01 -4.751672710914959197e+01 -4.630331448942221328e+01 -4.646769287725086173e+01
-4.701263994493019993e+01 -4.695861016267866006e+01 -4.699610807937266799e+01 -4.694885982526886892e+01
-4.717776595226186487e+01 -4.876801331796333727e+01 -4.731284467380253034e+01 -4.724349067778278766e+01
-4.768657120984687481e+01 -4.817881579714539697e+01 -4.779386942130613392e+01 -4.769843433650758158e+01
-4.801313266938751667e+01 -4.873087787367640544e+01 -4.797657443326284721e+01 -4.791291392864520304e+01
-4.810309218805443976e+01 -4.879874043091003699e+01 -4.829632768749067395e+01 -4.831662008814554099e+01
-4.858346511623438602e+01 -4.895750285217066988e+01 -4.851655222063025974e+01 -4.831043103802851846e+01
-4.853119539130312177e+01 -4.945209674040241765e+01 -4.849636910144053559e+01 -4.864788667487488993e+01
-4.883380861235674786e+01 -4.914131117035147156e+01 -4.892850477926159414e+01 -4.861196477615808931e+01
-4.912999030363968700e+01 -4.966042546260035806e+01 -4.898876456310952676e+01 -4.893998782619569710e+01
-4.920768572180534051e+01 -4.908380420738319572e+01 -4.894145805580688346e+01 -4.973415684421765093e+01
-5.864797360117390213e+01 -5.847535141421999327e+01 -5.847442344377256518e+01 -5.866028258507088822e+01
