-6.014793788135245345e-01 0.000000000000000000e+00 0.000000000000000000e+00 0.000000000000000000e+00
0.000000000000000000e+00 -1.000000000000000056e-01 0.000000000000000000e+00 0.000000000000000000e+00
0.000000000000000000e+00 0.000000000000000000e+00 -1.000000000000000056e-01 0.000000000000000000e+00
0.000000000000000000e+00 0.000000000000000000e+00 0.000000000000000000e+00 0.000000000000000000e+00
-7.197834268593354956e-01 1.707500000000000129e-01 0.000000000000000000e+00 -1.076120596210703301e-01
-1.568543328999970843e+00 -8.012694337968750968e-02 -1.000000000000000056e-01 -4.095100000000000406e-01
-1.781597516169679096e+00 -5.743024287243336801e-01 -3.439000000000000390e-01 0.000000000000000000e+00
-1.339805254730568995e+00 -4.387943456070575454e-01 -1.900000000000000022e-01 -2.071036382470179960e-01
-2.213528629839258244e+00 -1.825317374728784026e-01 -4.095100000000000406e-01 -2.673036012760511282e-01
-2.602988210284006509e+00 4.248879586706461042e-01 -6.244415791195477849e-01 -8.035198178050906304e-01
-4.233048445685143157e+00 -3.348781233785436129e-01 -5.742638634851420232e-01 -8.640835535847199989e-01
-4.987443038773812454e+00 -9.907953698716746027e-01 -1.031425082777577718e+00 -1.123887631418158950e+00
-5.555599525214135248e+00 -1.357122192831514917e+00 -1.308385257678633229e+00 -1.576256500716528341e+00
-5.333444347398637930e+00 -2.160388787955630274e+00 -1.717226097236318694e+00 -2.344018918287914754e+00
-6.715204397710913931e+00 -2.114947948531423982e+00 -2.280121833049225888e+00 -3.082177141787340702e+00
-6.936268888452810089e+00 -3.162448273367322926e+00 -2.962734638671878251e+00 -4.085586244962668090e+00
-7.209097601101372987e+00 -4.121950766851685266e+00 -3.689235724080872192e+00 -5.082410898870266536e+00
-7.193925231836489687e+00 -4.879741955278757537e+00 -4.455794760298916302e+00 -5.854673628973174893e+00
-7.252706308296660076e+00 -5.642879662101928595e+00 -5.182896619210209721e+00 -6.578452946556646808e+00
-7.258879975043332600e+00 -5.924395036435531559e+00 -5.915012917651629287e+00 -7.263407602512326200e+00
-1.000000000000000056e-01 0.000000000000000000e+00 0.000000000000000000e+00 -1.000000000000000056e-01
0.000000000000000000e+00 -1.000000000000000056e-01 0.000000000000000000e+00 -1.000000000000000056e-01
-1.000000000000000056e-01 1.707500000000000129e-01 0.000000000000000000e+00 0.000000000000000000e+00
0.000000000000000000e+00 1.729824772955299572e-01 -1.000000000000000056e-01 4.048272214103081357e-01
-1.591796250000000190e-01 2.804697828357789469e+00 3.737111127218075701e+00 -1.483140558602250025e-01
-4.171220596210703513e-01 -1.823693625000000207e-01 6.463685172490625241e-01 -3.334519744110550077e-01
-4.685590000000000588e-01 -3.557990960960409899e-01 -3.112240994117493886e-01 -4.456675306939086867e-01
-5.559981000000000506e-01 -3.817089183668576080e-03 -6.829500243690314054e-01 -2.864460961285261731e-01
-6.920199229620758175e-01 6.635223107033132450e-01 -4.803369616396088171e-01 5.151079518331810325e-01
-2.206732083616472495e-01 1.392414621808842901e+00 1.223889474020395163e+00 -4.292927736794467375e-01
-1.144944926412678310e+00 -6.791626508979249355e-01 9.172797407061209496e-01 -1.193869906408761672e+00
-1.517044484721665309e+00 -1.240818595551118841e+00 -2.519410080167205912e-01 -1.435604576801315257e+00
-1.716566234311487582e+00 -8.611515283007589172e-01 -1.303834349360867062e+00 -2.251100347466156393e+00
-1.963022691244496576e+00 -1.549212719487673917e+00 -1.816846347879765400e+00 -2.292915321065061462e+00
-2.867886010731794943e+00 -6.188052545343152300e-01 -2.492312595430413502e+00 -2.701200640007301867e+00
-3.504788286716454149e+00 -2.802185632306289698e+00 -2.473505736620054130e+00 -3.985309608055865649e+00
-4.431001155265605007e+00 -3.557882814866662802e+00 -3.416081370561595776e+00 -4.847525773538678528e+00
-5.134873613906679068e+00 -4.353430260519550288e+00 -4.195287064278392819e+00 -5.607567838752006040e+00
-5.876311510521297521e+00 -5.129160101229887303e+00 -4.940760045599180472e+00 -5.906056860424931720e+00
-6.581644840788619000e+00 -5.194107861659182035e+00 -5.627351655761237303e+00 -7.235483570495262029e+00
-1.900000000000000022e-01 -1.995000000000000107e-01 -7.260638751901385968e-01 -1.000000000000000056e-01
0.000000000000000000e+00 -1.652330677500000178e-01 -4.275600000000000511e-01 4.656604356250000354e-01
4.081221250000000467e+00 0.000000000000000000e+00 1.867792460987499847e+00 0.000000000000000000e+00
8.618133793184661329e-01 1.520750000000000046e+00 1.765966018750000144e+00 3.485461837700709609e+00
2.547176889141570921e+00 2.250451308409812667e-01 3.032635245823620540e+00 1.254016124999999926e+00
-2.560610897382187834e-01 0.000000000000000000e+00 1.800293044684491972e-01 -4.189809958540166579e-01
-4.957805025551297318e-01 -1.678288703735355547e-01 -4.576753012500000550e-01 4.881047979398080161e-02
1.969778113079753978e-01 2.105486815261044864e+00 2.753303282028143339e-01 5.612028829054102053e-01
-2.420962101365755070e-01 2.863266207708509814e+00 3.180786494972004386e-01 4.358642154383207123e-01
9.986146438028056238e-01 1.829262417681416952e+00 8.736661698976371238e-01 3.946950271094032403e-02
-4.381897239863271620e-01 -5.233166369969685650e-02 2.022946134306113919e-01 -1.390274549749072497e+00
-1.323163733191430769e+00 -1.109345464224479771e+00 -7.662291712015361078e-01 -1.080197539080494318e+00
-1.809821016283877260e+00 -1.325242716810000942e+00 2.889958789180641086e-01 -1.486326366446701908e+00
-2.284257808120621291e+00 -3.029296330583006180e-01 -1.089842486115224940e+00 -1.173993984918873190e+00
-2.492656159417544703e+00 -1.539571174640710582e+00 -2.864304426075466870e-01 -2.676252371019638865e+00
-3.294567062832872484e+00 -2.103177974663535732e+00 -1.993520835726188212e+00 -3.501699671285244619e+00
-4.042957799482125303e+00 -2.832220585747555308e+00 -2.837973651166961986e+00 -4.345327773574528152e+00
-4.821199746377190287e+00 -3.613486671107896342e+00 -3.570449749944440310e+00 -5.112841415303497783e+00
-5.584321028804364317e+00 -4.487966935548130643e+00 -4.354280475730647915e+00 -5.134107899440130574e+00
-5.855080533409974031e+00 -4.430901436172153041e+00 -5.126354677216648170e+00 -7.201306100579127900e+00
-1.000000000000000056e-01 -1.900000000000000022e-01 -1.357317741243770914e+00 -1.900000000000000022e-01
-3.439000000000000390e-01 -2.801164375000000373e-01 -3.439000000000000390e-01 4.132252117711249784e-01
4.413910187500000859e-01 1.278955902144376822e+00 2.932538071274999769e+00 1.783741506913366415e+00
3.584256745815674328e-01 1.250000000000000000e+00 3.996501582239353922e+00 1.630826169852160001e+00
3.220231804468449255e+00 1.052378127187499901e+00 2.004202586640948969e+00 1.821625586376627304e+00
-4.054938750000000591e-01 2.305238565624847524e+00 1.975677507352159967e+00 2.032339450930895630e+00
-5.980622040785301685e-01 1.116449940487600045e+00 6.677678657604924073e-01 2.077045292087823236e-01
2.030617291114778844e+00 1.424369883526824601e-02 -1.174493975466470164e-01 9.403598445921328430e-01
1.197209990449424888e+00 -4.635353493747241815e-01 2.140665815736341848e+00 1.061758314442065698e+00
2.751433422070203028e-01 2.174860893473888890e+00 9.993686114379026764e-01 4.714939894132654657e-03
-6.880196255586995546e-01 2.051067791456656852e+00 3.637172339570507451e-02 -5.878077472142462234e-01
-1.519101379999385770e+00 -2.082273882166374157e-01 -1.598206051133072014e-01 -1.145452677602011304e+00
4.112220841189301312e-02 -1.076658284317247860e+00 -1.166660175983388559e+00 -9.824913860106719854e-01
-1.484158087906626733e+00 -2.063275564496046321e+00 -2.195811593074843138e-01 -9.250007523031551493e-01
-2.138647132796340777e+00 -9.539161478085357304e-01 -9.057108837729694883e-01 -2.148910869030790760e+00
-2.667276902202960542e+00 -9.926435466978971167e-01 -1.534965620041647050e+00 -2.879290902620440740e+00
-3.516213589610638124e+00 -2.065324642522827325e+00 -2.274701468553673056e+00 -3.694790999777140428e+00
-4.326979994756153580e+00 -2.826890297018862075e+00 -2.751791321023076886e+00 -4.381993796571412858e+00
-5.084197272813225865e+00 -3.703733191185719864e+00 -3.679000239394925487e+00 -4.351418270962403412e+00
-4.980670530145481223e+00 -3.680851987829779848e+00 -4.449622795093739036e+00 -7.009129380079021310e+00
-1.095000000000000001e-01 0.000000000000000000e+00 0.000000000000000000e+00 -1.900000000000000022e-01
-1.900000000000000022e-01 -1.000000000000000056e-01 -1.000000000000000056e-01 -1.771499816046437359e-01
4.918060265104786666e-01 -4.421804999999999763e-01 0.000000000000000000e+00 0.000000000000000000e+00
1.542238096453563134e-01 -2.890500000000000291e-01 -9.596250000000000613e-02 -1.755904593750000076e-01
2.095658682057796041e-01 -5.196226475244488663e-01 -3.439000000000000390e-01 8.251804308838620039e-02
9.537139337846015641e-01 1.643745553897336897e+00 1.561088044042049150e+00 2.847309631902546379e+00
8.061316394052489009e-01 9.737127303745308771e-01 2.910427668773225118e+00 -1.697078075958262378e-01
-3.036313411598944717e-02 -4.287542590089060690e-01 1.155274968843829964e+00 -4.681213937100879852e-01
5.204404862124780706e-01 -1.077306937938673936e+00 -3.967972659798726931e-01 -5.045339192385281946e-01
3.359276378532485285e-01 -1.205306771793638987e+00 -5.402846003248452655e-01 -2.714014214323168250e-01
-3.778237259463398945e-03 -4.424314025027227260e-01 -5.846324483187814725e-01 1.715563408773498777e+00
-1.000497920002293872e+00 -5.361059114988951935e-01 4.899709733067655337e-01 -3.416285701605148439e-01
-1.326421633115858034e+00 -1.577646386929319577e+00 -4.163370712081469471e-01 -2.122128940291210242e+00
-1.495419975126435430e+00 -2.408546175618049734e+00 -1.308892499095172690e+00 -2.413893108615475569e+00
-1.540012477726215190e+00 -2.475721780750545165e+00 -2.197542634248598858e+00 -2.279699811437845280e+00
-5.204187779849362983e-01 -2.162424721684952811e+00 -2.152593038005423232e+00 -2.022597853751520347e+00
-2.889709367722429700e+00 -1.644298082708997688e+00 -5.991706652036616898e-01 -2.695880528871249293e+00
-3.647378554275571005e+00 -2.671479607998118233e+00 -1.893028529210106559e+00 -3.623412306561493157e+00
-4.324731640503618912e+00 -3.229567920661529534e+00 -2.819257141329413408e+00 -3.519235927473765457e+00
-3.800998214585449730e+00 -3.006848249427016118e+00 -3.487202860013796535e+00 -7.003640012916481083e+00
0.000000000000000000e+00 0.000000000000000000e+00 0.000000000000000000e+00 0.000000000000000000e+00
-1.000000000000000056e-01 -1.000000000000000056e-01 0.000000000000000000e+00 -1.000000000000000056e-01
-2.814186085254453129e-01 -3.439000000000000390e-01 -1.000000000000000056e-01 -2.805000000000000271e-01
-1.000000000000000056e-01 -2.710000000000000187e-01 -3.534000000000000474e-01 -4.685870067738112654e-01
-4.493774906250000423e-01 -6.125795110000000765e-01 -3.534000000000000474e-01 3.475858739294304112e-01
1.835131788828140209e+00 1.245030376348909673e+00 1.152762304459083342e+00 2.295177581937937639e+00
4.116355894140105498e+00 -2.997296877731674969e-01 5.390768829517992300e-01 1.432147086170489469e+00
-2.607306513044633789e-01 -9.481866646203501725e-01 6.610948597218688771e-01 -1.028123348346554833e+00
-5.094430053218541588e-01 -1.095058936235404845e+00 -4.951579818118601595e-01 -1.107765481471991498e+00
-7.669053391003304299e-01 -1.392908909137616114e+00 -1.241382595737766659e+00 -6.291906673797470484e-01
-3.607313552038946547e-01 -1.121119773628480365e+00 -8.428955316474169290e-01 1.269912139365644510e+00
1.127822535440950791e+00 -7.844326259375583588e-01 -2.791075367652634531e-01 -1.409909405697523432e+00
-1.281965637502595179e+00 -1.746045112373450170e+00 -9.128355282932051340e-01 -1.897050234295704518e+00
-1.957940146210138233e+00 -1.847639119308886579e+00 -1.681795341884500194e+00 -2.511720065512530908e+00
-2.475139553192521547e+00 -2.161076792958528614e+00 -2.328495125143491329e+00 -2.047039495880481397e+00
-2.339313057313215705e+00 -1.658446652262093535e+00 -1.131192969679357674e+00 -1.540690630862058264e+00
3.310981410807858349e-01 -2.117767711517636986e+00 -2.251806922929980193e+00 -2.395506772057836020e+00
-2.825745779809460956e+00 -2.485753423935920470e+00 -1.610139819728359623e+00 -3.063077224985369718e+00
-3.439437547093477932e+00 -2.642209980080054255e+00 -2.689024731273959468e+00 -2.850100184543399529e+00
-3.135500460905023434e+00 -2.482930444360815780e+00 -2.628998653901970961e+00 -6.518882626175729555e+00
0.000000000000000000e+00 0.000000000000000000e+00 0.000000000000000000e+00 -1.000000000000000056e-01
-1.000000000000000056e-01 -1.000000000000000056e-01 -1.000000000000000056e-01 -1.000000000000000056e-01
-1.900000000000000022e-01 -1.000000000000000056e-01 -1.000000000000000056e-01 -2.710000000000000187e-01
-4.095100000000000406e-01 -1.900000000000000022e-01 -1.000000000000000056e-01 0.000000000000000000e+00
-3.777741573801527419e-01 -4.866090000000000693e-01 0.000000000000000000e+00 -2.397247952872376131e-01
3.037066347995416304e-01 -2.710000000000000187e-01 -1.900000000000000022e-01 -2.297730252731675082e-01
3.851495616640743247e-01 -3.689891081250000204e-01 -2.943636429238155605e-01 -4.247568859713714562e-01
-3.893673332641002238e-01 -4.883237500000000564e-01 -4.273674174261394842e-01 -7.039534075315937445e-01
-7.378704042106928318e-01 -7.008529486110016693e-01 -7.754371324013555888e-01 -9.950935181292301923e-01
-1.119884812618763714e+00 -8.934417575869970651e-01 -9.776313213333838181e-01 -1.008785081942358719e+00
-5.754332818059781918e-01 -9.841481681414893101e-01 -1.231997613537042957e+00 -1.079753567416669613e+00
-7.297362463947116851e-01 -1.230116203078915671e+00 -1.010690888283614086e+00 -1.600283214504885532e+00
-1.450743447083764348e+00 -1.256463332659643717e+00 -1.352820490644246476e+00 -1.454294321206018648e+00
-1.860134817213274117e+00 -1.331124083090108545e+00 -1.551703677041771146e+00 -1.997210233224784082e+00
-2.185934932253466023e+00 -1.613132785766169919e+00 -1.924201531580360891e+00 -2.017478930310118379e+00
-1.794118469256327009e+00 -1.677485919147667426e+00 -2.025534491894724454e+00 -2.106753589241234348e+00
-1.462123465858254256e+00 -1.737428576996135732e+00 -2.121805978831334372e+00 -2.115531158471427808e+00
-2.545177847472806398e+00 -1.743963741798554956e+00 -2.028007281712145726e+00 -2.356161217685138975e+00
-2.548637187907557777e+00 -2.088542193017172366e+00 -2.242761005088754533e+00 -2.103022054247454697e+00
-2.213281307282396249e+00 -5.766806472236826409e+00 -1.985441487752790612e+00 -5.293026013253320450e+00
0.000000000000000000e+00 0.000000000000000000e+00 0.000000000000000000e+00 0.000000000000000000e+00
-1.000000000000000056e-01 -6.466678216405181701e-01 0.000000000000000000e+00 0.000000000000000000e+00
-1.095000000000000001e-01 0.000000000000000000e+00 -1.000000000000000056e-01 0.000000000000000000e+00
-1.900000000000000022e-01 -6.431553200621080713e-01 -1.000000000000000056e-01 -1.095000000000000001e-01
-2.710000000000000187e-01 -1.720045222285811359e+00 -2.805000000000000271e-01 -1.900000000000000022e-01
0.000000000000000000e+00 -1.238321669441211359e+00 -3.851205000000000322e-01 -1.000000000000000056e-01
-2.297730252731675082e-01 -1.790855178373080836e+00 -1.900000000000000022e-01 -2.015242623749999851e-01
-1.213080249999999999e-01 -2.896458119152743649e+00 -4.469275455259509311e-01 -2.216594741137500046e-01
-3.785591200908062781e-01 -6.807173533864426807e-01 -5.058066235124999421e-01 -6.504100268460074608e-01
-6.779485787515415751e-01 -2.678377550810710161e+00 -5.074624500000000094e-01 -7.341334770369533080e-01
-7.379915839308756054e-01 -3.736346844544472745e+00 -6.316389918062499387e-01 -6.430221145540238048e-01
-7.010009454901688919e-01 -3.197599531597373090e+00 -8.874823465223596886e-01 -9.577145020914998863e-01
-1.290325079296552158e+00 -3.244039770178918314e+00 -9.469802992492588611e-01 -7.368980074231984423e-01
-1.014854226222921429e+00 -3.525191043034384464e+00 -9.907241226176271010e-01 -1.178025206257382163e+00
-1.757069548639017320e+00 -2.960399066965268222e+00 -1.008519923268399232e+00 -1.137744414048345920e+00
-1.664851595654999405e+00 -4.776339408259605790e+00 -1.153519436254374586e+00 -1.184328752071070134e+00
-1.697818074679170230e+00 -4.587412471055954732e+00 -1.096975324844825961e+00 -1.566000103908504748e+00
-1.473680689067704774e+00 -4.926186011127812847e+00 -1.240639594557764624e+00 -2.071547498145066335e+00
-1.957024291978576969e+00 -5.176116927434206261e+00 -1.572429516495760682e+00 -6.073908828780511193e+00
-7.274491834979035509e+00 -6.613183405840127094e+00 -7.272830128479990108e+00 -7.273856725313081029e+00
