-1.993831008177263087e+01 -1.993863183013516860e+01 -1.993905849899388016e+01 -1.993852180889221870e+01
-1.994039887136141331e+01 -1.993902488710992671e+01 -1.993895626204660942e+01 -1.993879471446100027e+01
-1.993900804920576775e+01 -1.993888658927551560e+01 -1.993914816216512520e+01 -1.993908492357468631e+01
-1.993990770410037427e+01 -1.993926586106955412e+01 -1.993922084782677473e+01 -1.993951514806649428e+01
-1.994040284753909731e+01 -1.978784544053506522e+01 -1.993966502511709393e+01 -1.993983403366828711e+01
-1.994049889537433273e+01 -1.993989364862547831e+01 -1.994009902158544989e+01 -1.994018388781734785e+01
-1.994094626736442066e+01 -1.994069894294902312e+01 -1.994051735438592132e+01 -1.994064550841885364e+01
-1.994108224460389067e+01 -1.994096747515400025e+01 -1.994110588850051968e+01 -1.994112597805781562e+01
-1.994160980320367571e+01 -1.994155727699851965e+01 -1.994156561064133015e+01 -1.994151890241440128e+01
-1.994287813723027725e+01 -1.994220857014036241e+01 -1.994194494558037434e+01 -1.994206474697243436e+01
-1.994228205983116808e+01 -1.994202276667826723e+01 -1.994223306295135245e+01 -1.994214617242400678e+01
-1.994279193302387299e+01 -1.994225932484171082e+01 -1.994241323924703835e+01 -1.994246980901187172e+01
-1.994316084041071235e+01 -1.994321885144560369e+01 -1.994292736988464299e+01 -1.994320980041542057e+01
-1.994422581081761336e+01 -1.994390443429411519e+01 -1.994389622360599645e+01 -1.994313988388818970e+01
-1.994537564266040519e+01 -1.994463342988947474e+01 -1.994439513933536290e+01 -1.994435345016342609e+01
-1.994580119247166294e+01 -1.994530740628891152e+01 -1.994522837439162188e+01 -1.994525813832854766e+01
-1.994671683974804566e+01 -1.994656688495097896e+01 -1.994644011933386807e+01 -1.994650809834933014e+01
-1.994821821221641756e+01 -1.994810303656224804e+01 -1.994792976863539380e+01 -1.994808668161701348e+01
-1.994962189372738592e+01 -1.994967781794563422e+01 -1.994965250670150780e+01 -1.994977884239632715e+01
-1.995137300514186762e+01 -1.995141163076185720e+01 -1.995137543314362460e+01 -1.995144221344556001e+01
-1.993854354033405940e+01 -1.993874978094425288e+01 -1.994020442201146182e+01 -1.993886000402353531e+01
-1.993944598144608804e+01 -1.993955722313979706e+01 -1.993940506340768692e+01 -1.993936014441445792e+01
-1.993933752697413553e+01 -1.993935330691356000e+01 -1.993927841263993272e+01 -1.993918760564654491e+01
-1.993955800883118812e+01 -1.993950344298876587e+01 -1.993961411087352786e+01 -1.993953188037657043e+01
-1.993937989485205975e+01 -1.993946454983927197e+01 -1.849992388620551509e+01 -1.993963511219758544e+01
-1.994009071410218681e+01 -1.993999550754718797e+01 -1.993990421228152243e+01 -1.994025146517925151e+01
-1.994073070995010610e+01 -1.994072345357507814e+01 -1.994068366856798846e+01 -1.994086288874102664e+01
-1.994126517172750823e+01 -1.994144407097278915e+01 -1.994137517874839460e+01 -1.994124382470182866e+01
-1.994180670656298915e+01 -1.994185429907934193e+01 -1.994199723384837952e+01 -1.994205781788263465e+01
-1.994229194305072639e+01 -1.994221377057778000e+01 -1.994241445230936449e+01 -1.994229711686150353e+01
-1.994228872267821373e+01 -1.994234541641477421e+01 -1.994242308538646213e+01 -1.994227740702092433e+01
-1.994284535031984618e+01 -1.994279203804637390e+01 -1.994279982887999125e+01 -1.994286532054448813e+01
-1.994322759740370543e+01 -1.994332575593291779e+01 -1.994338811571956427e+01 -1.994342557235418667e+01
-1.994416380383324139e+01 -1.994417829850649682e+01 -1.994417699744187544e+01 -1.994415567882356299e+01
-1.994486297195073377e+01 -1.994493932316487417e+01 -1.994481458029883214e+01 -1.994473829727398595e+01
-1.994526920792933211e+01 -1.994535065607758995e+01 -1.994530356851587527e+01 -1.994550386497829564e+01
-1.994658351919859740e+01 -1.994665165184436972e+01 -1.994657842079399401e+01 -1.994655415492363915e+01
-1.994758594989223255e+01 -1.994755243248190979e+01 -1.994751493255568064e+01 -1.994775510181905531e+01
-1.994850907639902360e+01 -1.994858647786895034e+01 -1.994860820995551620e+01 -1.994865252669746525e+01
-1.994959724625070407e+01 -1.994954824119661652e+01 -1.994950461139365316e+01 -1.994955177223915399e+01
-1.993917355287689475e+01 -1.993892717315510410e+01 -1.993913304849356294e+01 -1.993920713503985809e+01
-1.993942517421648120e+01 -1.993944495450415388e+01 -1.993953711148921215e+01 -1.993933716030580783e+01
-1.993945845633382774e+01 -1.993972009476826912e+01 -1.993971051437168285e+01 -1.993946454709169913e+01
-1.993965303011432511e+01 -1.993936509911755905e+01 -1.993963687576108867e+01 -1.993942847500748528e+01
-1.993955890927810515e+01 -1.993982308376569534e+01 -1.993965835632721451e+01 -1.993977624363214218e+01
-1.994008578465134462e+01 -1.994018112212041416e+01 -1.994010172971272254e+01 -1.994036384932909911e+01
-1.994057109535725658e+01 -1.989740310632700471e+01 -1.994043155757899655e+01 -1.994047429824140849e+01
-1.994106809078340348e+01 -1.994090225346509371e+01 -1.993956729240843728e+01 -1.994104236318597501e+01
-1.994172800019396519e+01 -1.994160911194527941e+01 -1.994167849627855205e+01 -1.994155293558877418e+01
-1.994240784538731504e+01 -1.994220980135697729e+01 -1.994237906748292843e+01 -1.994245323018360594e+01
-1.992817754764678995e+01 -1.994250317271977835e+01 -1.994255810021902775e+01 -1.994250931922145753e+01
-1.994275230783454589e+01 -1.994273043237950560e+01 -1.994249864264522643e+01 -1.994275395403092688e+01
-1.994348035219305260e+01 -1.994359158802796017e+01 -1.994335409995490238e+01 -1.994343928468287075e+01
-1.994383990317846056e+01 -1.994388647238040235e+01 -1.994381984586366841e+01 -1.994384335926325491e+01
-1.994481641707913511e+01 -1.994484338526574874e+01 -1.994465309149255461e+01 -1.994464424831941329e+01
-1.994531902423522851e+01 -1.994529727541682007e+01 -1.994501385180419817e+01 -1.994521764415729947e+01
-1.994616137450109861e+01 -1.994595380563122333e+01 -1.994606067301160479e+01 -1.994626472382884685e+01
-1.994670491383752164e+01 -1.994671439222083720e+01 -1.994663298909931015e+01 -1.994672034349281731e+01
-1.994741949784336299e+01 -1.994751426208646095e+01 -1.994743579182828341e+01 -1.994740827232785563e+01
-1.994785089310838444e+01 -1.994786837039285388e+01 -1.994803278388234702e+01 -1.994836753639818738e+01
-1.993899230581823900e+01 -1.993899039180506705e+01 -1.993927996804337965e+01 -1.993909094420001793e+01
-1.993941604330412787e+01 -1.993951209100476518e+01 -1.993930535221198497e+01 -1.993944042822097273e+01
-1.993973235679025890e+01 -1.993966496814030620e+01 -1.993977068217580850e+01 -1.993996134905454909e+01
-1.993992584513155819e+01 -1.993973760409078011e+01 -1.993983148733214605e+01 -1.993967793737529348e+01
-1.993993745317273536e+01 -1.993995470302396100e+01 -1.994013875804957792e+01 -1.993993154720507022e+01
-1.994005165700009030e+01 -1.993990846100932401e+01 -1.994008376885868472e+01 -1.993999030662955363e+01
-1.994036519869025881e+01 -1.994034265257746341e+01 -1.940770895353663761e+01 -1.994034615226846086e+01
-1.994075446771249105e+01 -1.994066379920310794e+01 -1.843298216823657043e+01 -1.994066707259735693e+01
-1.994146264992200202e+01 -1.994146642306618133e+01 -1.994027370135876609e+01 -1.994175593026315596e+01
-1.994236340777691296e+01 -1.994224918047243023e+01 -1.994241961314967426e+01 -1.994235106819201775e+01
-1.994237539350836030e+01 -1.994224238244936132e+01 -1.994248843836500740e+01 -1.994249340577827923e+01
-1.994183583419301087e+01 -1.994316228464797547e+01 -1.994316144514280253e+01 -1.994320504045533227e+01
-1.994368519964383424e+01 -1.994365148659947096e+01 -1.994376819612528706e+01 -1.994375143501752135e+01
-1.994396722956327039e+01 -1.994399427686977688e+01 -1.994407710093481967e+01 -1.994402519538675023e+01
-1.994442402069021369e+01 -1.994457577554335259e+01 -1.994461447333670279e+01 -1.994465879010056852e+01
-1.994510406979931005e+01 -1.994484557479183451e+01 -1.994491130044013616e+01 -1.994503232728433417e+01
-1.994536430789822035e+01 -1.994547306451919511e+01 -1.994531378877636030e+01 -1.994552270043831754e+01
-1.994588620733820861e+01 -1.994593535912531124e+01 -1.994586848740719276e+01 -1.994610162376100249e+01
-1.994667033303825576e+01 -1.994649976081545617e+01 -1.994632278852581919e+01 -1.994645509193264132e+01
-1.994677255011585970e+01 -1.994658660216902391e+01 -1.994649042421528407e+01 -1.994654925854756655e+01
-1.993903323117763193e+01 -1.993888827714519607e+01 -1.994044042268308203e+01 -1.993880698673211782e+01
-1.993929945190174990e+01 -1.993911671322636181e+01 -1.993939041920447508e+01 -1.993944329066338028e+01
-1.993980343574876457e+01 -1.993982726542695261e+01 -1.993967963727582315e+01 -1.993972988731949769e+01
-1.993983531299272727e+01 -1.993977320718381563e+01 -1.993998521829766446e+01 -1.994005841445599714e+01
-1.994037933964407827e+01 -1.994050238029712929e+01 -1.994029768796585600e+01 -1.994032232121014658e+01
-1.979743576721607923e+01 -1.994029560818498936e+01 -1.994017436426215539e+01 -1.994039033016230533e+01
-1.994042662075807471e+01 -1.994033624635085644e+01 -1.834051572762853866e+01 -1.994038611691392404e+01
-1.978595733777374832e+01 -1.994039288211709149e+01 -1.994039328995507887e+01 -1.994052519119521705e+01
-1.994158259473657679e+01 -1.994136417325807287e+01 -1.994132315173544967e+01 -1.994136085228936395e+01
-1.994197891162316338e+01 -1.994185281280971367e+01 -1.994179886621007824e+01 -1.979011820019543677e+01
-1.836659909302009552e+01 -1.994237171307174350e+01 -1.994234576710145390e+01 -1.994238934272861385e+01
-1.994304100290798587e+01 -1.994312909114670873e+01 -1.994290920366938025e+01 -1.994314021344846566e+01
-1.994371850291126336e+01 -1.994344453072251611e+01 -1.994345957306537542e+01 -1.994356105014175640e+01
-1.994412941528620209e+01 -1.994408232372179768e+01 -1.994387289382190431e+01 -1.994395802779979476e+01
-1.994423996288785261e+01 -1.994414752792873458e+01 -1.994430815054564832e+01 -1.994434244819386493e+01
-1.994456670706194501e+01 -1.994474577682116490e+01 -1.994475978922925918e+01 -1.994467946293195126e+01
-1.994490236344779177e+01 -1.994510970680298101e+01 -1.994500594598068233e+01 -1.994512848260624338e+01
-1.994540768713017442e+01 -1.994532085473614202e+01 -1.994532561968301110e+01 -1.994556504673426645e+01
-1.994579671481775662e+01 -1.994568810848835838e+01 -1.994551580011386349e+01 -1.994563762500183302e+01
-1.994545908820501268e+01 -1.994547119763288379e+01 -1.994564625968095228e+01 -1.994639834787570365e+01
-1.993889864249323907e+01 -1.993883794988123626e+01 -1.993983035318917274e+01 -1.993869487442611899e+01
-1.993907274587691347e+01 -1.993888803806984100e+01 -1.993912315667610358e+01 -1.993905958654816502e+01
-1.993946871586604175e+01 -1.993961624806874156e+01 -1.993940221039986938e+01 -1.993938371981031565e+01
-1.993971148057459430e+01 -1.993979576768456852e+01 -1.993981273093705653e+01 -1.993977752490151545e+01
-1.994030053997381202e+01 -1.994034832181758077e+01 -1.994035945044445413e+01 -1.994031573181085548e+01
-1.994045099239775709e+01 -1.994033658107731455e+01 -1.994017011692959684e+01 -1.994034319035041136e+01
-1.994046522439494851e+01 -1.994046157800410413e+01 -1.994048302256440053e+01 -1.994071435736940501e+01
-1.994082211413343941e+01 -1.994071307715349661e+01 -1.994079282615826187e+01 -1.994071873459033384e+01
-1.994141377040786267e+01 -1.994124238589315112e+01 -1.994135735147871102e+01 -1.994145847577810571e+01
-1.994172895441786153e+01 -1.994164562515096506e+01 -1.994168694495003535e+01 -1.994188673670182155e+01
-1.994236073592816183e+01 -1.994228027521549507e+01 -1.994214255739436226e+01 -1.834247243946530048e+01
-1.994280794172806281e+01 -1.994278423559130431e+01 -1.994285104544009712e+01 -1.994271989181876137e+01
-1.994324380423642395e+01 -1.994323172359592888e+01 -1.994310139747535970e+01 -1.994316148535327571e+01
-1.994355620279284125e+01 -1.994352722584147131e+01 -1.994354324616653074e+01 -1.994347413381926515e+01
-1.994398522493553116e+01 -1.994398849120588935e+01 -1.994400550273542905e+01 -1.994423935373611201e+01
-1.994469277666156515e+01 -1.994452454169777766e+01 -1.994460723082513098e+01 -1.994458512526380645e+01
-1.994487314568837633e+01 -1.994471485583807890e+01 -1.994467201154236591e+01 -1.994489741985352182e+01
-1.994484779136556796e+01 -1.994507747107554607e+01 -1.994496926769823730e+01 -1.994490298903211567e+01
-1.994501067373333214e+01 -1.994484651926746821e+01 -1.994505805834322487e+01 -1.994481004229298549e+01
-1.994461841299499483e+01 -1.994459151416868181e+01 -1.994480193177979643e+01 -1.994556914414513571e+01
-1.993878572162930141e+01 -1.993852636078927176e+01 -1.993853845182480100e+01 -1.993873162572523583e+01
-1.993887382629279514e+01 -1.993871492035812309e+01 -1.993899230717332927e+01 -1.993879099164086099e+01
-1.993918481485880889e+01 -1.993912783566277369e+01 -1.993928971393366467e+01 -1.993927131208688408e+01
-1.993949282978200088e+01 -1.993952694580251972e+01 -1.993946248702905777e+01 -1.993969921376789145e+01
-1.993992507576839301e+01 -1.993987772807961534e+01 -1.993991689970470915e+01 -1.994001553691981243e+01
-1.994047920605462565e+01 -1.994042906517436009e+01 -1.994018320114835063e+01 -1.994044338211302758e+01
-1.994059070426963132e+01 -1.994036390039877205e+01 -1.994061311641253909e+01 -1.994056472458993312e+01
-1.994081079849388161e+01 -1.994057421658616747e+01 -1.994070878876809161e+01 -1.994071790088361595e+01
-1.994110352814286813e+01 -1.994097731486795055e+01 -1.994102828175822140e+01 -1.994106080992593633e+01
-1.994162078991548270e+01 -1.994162031501256749e+01 -1.994142070772066688e+01 -1.994136643579653168e+01
-1.994195721955517797e+01 -1.994221705538646816e+01 -1.994201821413590636e+01 -1.994212854914227862e+01
-1.994269932407305035e+01 -1.994241137951466669e+01 -1.994248431948235378e+01 -1.994258448316696786e+01
-1.994277830048044819e+01 -1.994275599435885127e+01 -1.994280132876899359e+01 -1.994277110047095647e+01
-1.994319631880255628e+01 -1.994316880406545778e+01 -1.994323636700090674e+01 -1.994314900751287212e+01
-1.994379829918830893e+01 -1.994351857602424261e+01 -1.994360184359048205e+01 -1.994363358444962486e+01
-1.994441960080271414e+01 -1.994420142351216896e+01 -1.994414112686958163e+01 -1.994422956354395282e+01
-1.994459025296408683e+01 -1.994469671076588213e+01 -1.994472430507202887e+01 -1.994461790838635906e+01
-1.994464429911887393e+01 -1.994459661407061901e+01 -1.994470987034235776e+01 -1.994444786628135802e+01
-1.994423536390173268e+01 -1.994441959940881404e+01 -1.994452287045711714e+01 -1.994440993718366428e+01
-1.994412556383397828e+01 -1.994403358266503901e+01 -1.994427590232669800e+01 -1.994508711707234383e+01
-1.993821206957811043e+01 -1.993845327040869719e+01 -1.993917292498392513e+01 -1.993851326761896914e+01
-1.993841815378438653e+01 -1.993965709509192763e+01 -1.993859414461672586e+01 -1.993870926525620391e+01
-1.993900109871611193e+01 -1.993992462286360734e+01 -1.993885376333512482e+01 -1.993878438486411042e+01
-1.993911017293888577e+01 -1.994034889171300762e+01 -1.993916064267735422e+01 -1.993943773382925144e+01
-1.993948941661209773e+01 -1.994037287571246964e+01 -1.993969346507989826e+01 -1.993975553997827888e+01
-1.994008420312718499e+01 -1.994036813690254206e+01 -1.993999886580222736e+01 -1.993980579849972656e+01
-1.994019295276473969e+01 -1.994109974941392238e+01 -1.994001896825474063e+01 -1.994004722662019802e+01
-1.994049107819022737e+01 -1.994088417965831539e+01 -1.994043555386387823e+01 -1.994039528622859336e+01
-1.994097296617789539e+01 -1.994070602214092247e+01 -1.994085784781754356e+01 -1.994091233357819348e+01
-1.994134194558800743e+01 -1.994186048213690654e+01 -1.994146809181413715e+01 -1.994150570208666551e+01
-1.994180913973688618e+01 -1.994220030331213778e+01 -1.994197627721153410e+01 -1.994199153069450503e+01
-1.994210825535718001e+01 -1.994227625805674364e+01 -1.994232460273071084e+01 -1.994235500291467034e+01
-1.994262686973143417e+01 -1.994243684439271647e+01 -1.994268088771510250e+01 -1.994254247409463332e+01
-1.994287754916908995e+01 -1.994286726464159187e+01 -1.994297717479184939e+01 -1.994294035904276186e+01
-1.994312733421511652e+01 -1.994411466530932486e+01 -1.994328244503387992e+01 -1.994314787579797965e+01
-1.994385547974300366e+01 -1.994433087288460271e+01 -1.994353191645018697e+01 -1.994378837084392941e+01
-1.994433133137876979e+01 -1.994418247125823740e+01 -1.994401538045287126e+01 -1.994413469104648939e+01
-1.994416287667517196e+01 -1.994463001267771318e+01 -1.994422668432564905e+01 -1.994396252510914636e+01
-1.994408546506045354e+01 -1.994446237219646534e+01 -1.994387395780410088e+01 -1.994382605173658263e+01
-1.995336114100339131e+01 -1.995339284918478739e+01 -1.995336130723027779e+01 -1.995336114100339131e+01
