-4.593402144244761587e+01 -1.875260589150224533e+01 -3.634839240311719522e+01 -1.885940039806401103e+01
-3.769739795420929340e+01 -1.935936929080230939e+01 -1.894840334374554658e+01 -1.893830243725500395e+01
-4.402286777507291049e+01 -1.948004355757331751e+01 -1.930687182446482808e+01 -1.934022395864819188e+01
-4.049799397609382368e+01 -2.024689546743170254e+01 -2.004185091756595227e+01 -2.045500288246090292e+01
-4.658870461787394390e+01 -2.069922205935774073e+01 -2.046608971428159762e+01 -2.072063831642103793e+01
-4.488584545973139939e+01 -2.135471928162317568e+01 -2.090180270112779226e+01 -2.070821873939688729e+01
-4.445630252136324145e+01 -2.164982442632055992e+01 -2.131900521496166334e+01 -2.157928171247869997e+01
-4.644021850658680961e+01 -2.253284727896384965e+01 -2.213148447113632855e+01 -2.236302414651759918e+01
-4.798008900344053274e+01 -2.385329328891540612e+01 -2.299436413534657575e+01 -2.339137965016192311e+01
-4.828219909936563425e+01 -2.424167406684630066e+01 -2.400140856391171695e+01 -2.413819767481748357e+01
-4.737590608034308559e+01 -2.475633493469274882e+01 -2.485730303404818642e+01 -2.497349180719639605e+01
-4.727577273445108830e+01 -2.567893823058992453e+01 -2.591151748823559942e+01 -2.573586209194882102e+01
-4.806280813287511933e+01 -2.625493400326726601e+01 -2.619806719713973209e+01 -2.811059358358271254e+01
-4.807211740763958829e+01 -2.820896514599281701e+01 -2.712745916560965398e+01 -3.009575316320379912e+01
-4.829583744213463348e+01 -2.989438711862175069e+01 -2.948723405011880061e+01 -3.462627671886988168e+01
-4.866525455538533151e+01 -3.228636928095278336e+01 -3.263478332649160052e+01 -3.745149732023158151e+01
-4.898822178399692717e+01 -3.519602544602211935e+01 -3.536689401638118113e+01 -4.089877787554028998e+01
-4.904949204028861232e+01 -3.843856302297253080e+01 -3.820657352813785224e+01 -4.374647481619882683e+01
-4.851134988548875526e+01 -4.105947202884842540e+01 -4.122057666291370737e+01 -4.645537427173319145e+01
-4.909742443705311388e+01 -4.403144955328563981e+01 -4.397841466213990458e+01 -4.874776912674119700e+01
-1.876790526677093851e+01 -1.842972878124564318e+01 -4.047315635753817276e+01 -1.869657395501290864e+01
-1.940113883721054222e+01 -1.935658953138106142e+01 -1.918999470614355118e+01 -1.947310588203308157e+01
-1.964922297377485449e+01 -1.957319168023840561e+01 -1.963260637570938272e+01 -1.998708129630181674e+01
-2.028053126649555082e+01 -2.056885988997338188e+01 -2.036556473571850034e+01 -2.046648858762278067e+01
-1.993698120594588019e+01 -1.975751896967780397e+01 -2.004171546701488893e+01 -2.006625944032364117e+01
-2.102893850316975488e+01 -2.084011802368271304e+01 -2.074598895432827561e+01 -2.172617399213635991e+01
-2.207543790874992595e+01 -2.188080908112579337e+01 -2.174309581824248383e+01 -2.202163314634791647e+01
-2.253614901972216344e+01 -2.244841039082873380e+01 -2.264131143337864671e+01 -2.273741678327609250e+01
-2.359359188366659410e+01 -2.386714806373798581e+01 -2.399572354900739057e+01 -2.368316896155797480e+01
-2.418091417723933034e+01 -2.436438269993692884e+01 -2.417706807259836665e+01 -2.439280405566824683e+01
-2.505270067292084946e+01 -2.546783253565544314e+01 -2.508164089011694742e+01 -2.519335247296275071e+01
-2.565949522652600834e+01 -2.566425600654987349e+01 -2.560780565901779937e+01 -2.594520514868189309e+01
-2.591087373602728405e+01 -2.609392268988683483e+01 -2.566308579200840612e+01 -2.850157027088066641e+01
-2.823495271621476732e+01 -2.705151612685573070e+01 -2.756788353640228806e+01 -2.929464699774587899e+01
-3.229797671654744562e+01 -2.647800420165432200e+01 -2.897074456583566615e+01 -3.146449944302115398e+01
-3.483878791876469450e+01 -3.129027776411408723e+01 -2.983913697562807243e+01 -3.537422653396737360e+01
-3.808082767489004539e+01 -3.390362339926969071e+01 -3.274647849965021607e+01 -3.843939174016337290e+01
-4.031304236462622725e+01 -3.652955062567989586e+01 -3.533869381115789565e+01 -4.082578241168539535e+01
-4.335006180297930456e+01 -3.912768187442371470e+01 -3.811300080120962264e+01 -4.364708087275110415e+01
-4.641069618291859200e+01 -4.145589015280022238e+01 -4.136916752006697351e+01 -4.833914486793442222e+01
-1.872452138685714118e+01 -1.883840643160963779e+01 -4.027866019895235894e+01 -1.914383514154256716e+01
-1.962768380888740083e+01 -1.951094558282536440e+01 -1.940330456668632308e+01 -1.950447805207700469e+01
-1.989676929331008282e+01 -2.007112161449840926e+01 -2.016489547224364287e+01 -2.002605959656130707e+01
-2.009634779900927981e+01 -2.018968377765853361e+01 -1.986370006988360970e+01 -1.996165855323429739e+01
-1.803533562955261260e+01 -2.007846585249679805e+01 -2.006900818343535775e+01 -1.983190863542947113e+01
-2.070327071783575335e+01 -2.051854361532298299e+01 -2.088643751892074363e+01 -2.079889527876553501e+01
-2.149021812207586635e+01 -2.182909373973538081e+01 -2.169085854040577033e+01 -2.144120339349997195e+01
-2.190049167723066503e+01 -2.111125833375903937e+01 -2.210970909007972196e+01 -2.172946016125470337e+01
-2.345205023082600704e+01 -2.342909773826142583e+01 -2.322672768213855221e+01 -2.342535498286207840e+01
-2.458306354423232776e+01 -2.465422543239250075e+01 -2.481268151225623697e+01 -2.495656240679699778e+01
-2.587552661534493481e+01 -2.600588673072194723e+01 -2.604732057270175360e+01 -2.607565162231226097e+01
-2.656804028907230730e+01 -2.683525287258077441e+01 -2.680283098409313425e+01 -2.664601387073042105e+01
-2.750247484894037342e+01 -2.754316106295693345e+01 -2.760807321126347347e+01 -2.749467145987513916e+01
-2.923672217963281739e+01 -2.785851621900260255e+01 -2.780380569555453008e+01 -2.778880173659267783e+01
-2.857993408664822610e+01 -2.835282701179517417e+01 -2.682824430799172433e+01 -2.979521228812873090e+01
-3.300380292159452011e+01 -2.951496791120615271e+01 -2.949274698208742862e+01 -3.368735113968754291e+01
-3.536576850744349088e+01 -3.196657075633514111e+01 -3.185073545657058958e+01 -3.601356452029629907e+01
-3.799274137719546474e+01 -3.473829178257391703e+01 -3.406161044879612376e+01 -3.853747793142035505e+01
-4.178487300228677270e+01 -3.665000730106174842e+01 -3.647575787692056792e+01 -4.137034626981785124e+01
-4.467299627574797682e+01 -3.913757657919148869e+01 -3.988504455192739329e+01 -4.806364319874948166e+01
-1.890518405383253153e+01 -1.923536707994381345e+01 -4.106647591111480722e+01 -1.965743472558119009e+01
-1.950023845228637498e+01 -1.945290348591306895e+01 -1.956954991806934885e+01 -1.952866449512747593e+01
-2.077816402700614518e+01 -1.991031858896888096e+01 -2.008609816774609769e+01 -2.007089388274256692e+01
-2.038267436075102168e+01 -2.075838844293266305e+01 -2.033461720880702828e+01 -2.076721745827278909e+01
-2.012006302215501918e+01 -2.006235206239787772e+01 -2.024163846119663290e+01 -2.004364537623188269e+01
-2.048006291091709485e+01 -2.024926797013219471e+01 -1.814900504246975643e+01 -2.044955083771419524e+01
-2.148401648039293121e+01 -2.127243832371732069e+01 -2.120780557121018717e+01 -2.128861407743500678e+01
-2.213139654163808601e+01 -2.214123726481452792e+01 -2.241438148598088631e+01 -2.252394743156856549e+01
-2.404066717201489922e+01 -2.352491071983093818e+01 -2.371152801080327777e+01 -2.415097972378902824e+01
-2.470949017262474356e+01 -2.466244167059352321e+01 -2.433862068242205723e+01 -2.508274576766131858e+01
-2.566523098665626179e+01 -2.597963511167296602e+01 -2.565681359964914066e+01 -2.584978163332487355e+01
-2.764300367870954034e+01 -2.625667668682148559e+01 -2.647656450838525544e+01 -2.740179396592536420e+01
-2.807481438484509795e+01 -2.777028600662020352e+01 -2.784006036334140433e+01 -2.784526774635407165e+01
-2.744377348081663470e+01 -2.766325830465996205e+01 -2.749801199801962071e+01 -2.742850825130909698e+01
-2.837305932748654413e+01 -2.849242983205462565e+01 -2.844954742749955301e+01 -2.947239623838165556e+01
-2.995141417750496160e+01 -2.902386612764658125e+01 -2.902616268627090435e+01 -2.905828985923252716e+01
-3.282898118657135456e+01 -3.078508260201384417e+01 -3.090524929223003880e+01 -3.392557038070241759e+01
-3.656030231514239404e+01 -3.247366239675842792e+01 -3.244703469558362485e+01 -3.730223893779886879e+01
-3.937688115594980331e+01 -3.469830164686062801e+01 -3.480612420635883808e+01 -3.860541844959661972e+01
-4.188884524391685460e+01 -3.695839959967720034e+01 -3.707866521437625806e+01 -4.700457326217225784e+01
-1.924503432665256142e+01 -1.925551925979353740e+01 -4.244227945339466856e+01 -1.895294175166549877e+01
-1.915859446767683849e+01 -1.920661323094329376e+01 -1.939352300469821699e+01 -1.998744803526928848e+01
-2.005777776875187968e+01 -1.990186548541309008e+01 -1.976341459919769861e+01 -1.963617714040033846e+01
-2.051167957357804994e+01 -2.055352706353290415e+01 -2.019325114931017140e+01 -2.030641399064363384e+01
-2.043671706803994681e+01 -2.040143241745231606e+01 -2.014893213773794400e+01 -2.018725006597576055e+01
-2.066299667895771108e+01 -2.108822696095762694e+01 -2.043445985135054599e+01 -2.026163127325901669e+01
-2.137276269431028553e+01 -2.104117211145785404e+01 -1.956965492195899259e+01 -2.155143708245250878e+01
-2.191657691053706003e+01 -2.171778575819070767e+01 -2.174559254134400632e+01 -2.236669697647658950e+01
-2.383817334335025606e+01 -2.322677203829063686e+01 -2.312402443369460414e+01 -2.368500600307854853e+01
-2.440855995594925432e+01 -2.490463134073502971e+01 -2.460019773946138955e+01 -2.463882419022113979e+01
-2.603722218739454775e+01 -2.623300905266384930e+01 -2.601135540090620779e+01 -2.652121444076073686e+01
-2.687269973189249228e+01 -2.670982439086877847e+01 -2.682167414595573263e+01 -2.689458772457487967e+01
-2.743496580913771865e+01 -2.760287809269835080e+01 -2.766218847939834902e+01 -2.765385709212812060e+01
-2.749329037155143141e+01 -2.772149472587607733e+01 -2.755304212593241786e+01 -2.889583913798922055e+01
-2.861656773987222380e+01 -2.829241600150979963e+01 -2.832801160102151528e+01 -2.855301751736044835e+01
-2.940450747215396277e+01 -2.945817380567901012e+01 -2.931621415108196160e+01 -2.969876809800029704e+01
-3.049585767214512089e+01 -3.015447371224606954e+01 -3.013854733357159787e+01 -3.051293333791680595e+01
-3.398312672242992960e+01 -3.099355871343465907e+01 -3.089083372726619103e+01 -3.296173423690252946e+01
-3.695663509147176029e+01 -3.305506546358670050e+01 -3.126961181283692781e+01 -3.825785359745866288e+01
-4.101794882641482332e+01 -3.514030847857038964e+01 -3.331779944273728944e+01 -4.654769696315809568e+01
-1.913437913001352797e+01 -1.889820072953282448e+01 -4.427118059855687449e+01 -1.925716573385112795e+01
-1.944147578890265038e+01 -1.938438814295579249e+01 -1.907293574073747422e+01 -1.988323631075378728e+01
-1.995501006781606179e+01 -2.007316045435823781e+01 -1.992770427394753696e+01 -1.979994571794419045e+01
-2.014491211809348314e+01 -2.033398992550278450e+01 -2.016282432534567803e+01 -2.071761067284486302e+01
-2.079828138855724262e+01 -2.048247881523445812e+01 -2.071450870598903649e+01 -2.105005362382817680e+01
-2.100722964895440370e+01 -2.137453421871336801e+01 -2.127666697102437610e+01 -2.120174328596689506e+01
-2.058922909707950666e+01 -2.117377655842776463e+01 -2.097438183577573412e+01 -2.073248259327634102e+01
-2.188491879216917368e+01 -2.163984783062801398e+01 -2.169859380533839044e+01 -2.211755708741170778e+01
-2.348211049955625640e+01 -2.332557802844706885e+01 -2.319798840559695563e+01 -2.348367497251409475e+01
-2.470045136490675830e+01 -2.527479770656414004e+01 -2.484612508520186225e+01 -2.486186202293727021e+01
-2.601136259074949209e+01 -2.573804969339345661e+01 -2.587001165265883884e+01 -2.569871620883620977e+01
-2.697170766557086097e+01 -2.620689791175284356e+01 -2.622209152432400003e+01 -2.627998342810998267e+01
-2.737480337506979922e+01 -2.758146365805508538e+01 -2.746043612612053764e+01 -2.746086075355051648e+01
-2.785409157046685991e+01 -2.840373296839205253e+01 -2.811583592942282905e+01 -2.785827300778948512e+01
-2.885835460216140191e+01 -2.864872048544127381e+01 -2.864234308762609160e+01 -2.838848412858328629e+01
-2.931406361514697423e+01 -2.902524983560779148e+01 -2.898323487404169185e+01 -2.934090094558291639e+01
-2.949728505085503016e+01 -2.949156490883603965e+01 -2.948516126419184147e+01 -2.939803612765642171e+01
-3.077539849007936823e+01 -3.008045854893551052e+01 -2.981984229924748320e+01 -3.277482073186819633e+01
-3.456468672413443244e+01 -3.244119547424409689e+01 -2.876517156181001411e+01 -3.545784057864393901e+01
-3.742978703815234098e+01 -3.346270007777530253e+01 -3.398330799871383334e+01 -4.614261817296883095e+01
-1.905696991682782127e+01 -1.873977019324534865e+01 -3.429234401686823475e+01 -1.886538161028029847e+01
-1.957300880400167031e+01 -1.923354110801598438e+01 -1.922769960691197255e+01 -1.919223752028211294e+01
-1.974453791893619936e+01 -1.943240156890168180e+01 -1.981150872755396364e+01 -1.955463470256632164e+01
-2.020129546288638167e+01 -1.978502504706687759e+01 -1.998627778443938752e+01 -1.989560017092161814e+01
-2.032198712825078957e+01 -2.016781050948808129e+01 -2.032443025114233848e+01 -2.012029556455535229e+01
-2.097710441471482667e+01 -2.110954451930649611e+01 -2.120770803867047505e+01 -2.108368189777961277e+01
-2.099860836849261148e+01 -2.104773620486357188e+01 -2.120469136292994605e+01 -2.073945281513274352e+01
-2.191680484143845931e+01 -2.134872138183928314e+01 -2.173418958587767236e+01 -2.194766524197401836e+01
-2.325986543428231812e+01 -2.286434814542262828e+01 -2.285609330014147744e+01 -2.348732089863771932e+01
-2.439200361194737710e+01 -2.439975938415441092e+01 -2.415137178028292908e+01 -2.437807638492861173e+01
-2.517847789951760618e+01 -2.492537825434437337e+01 -2.501922823845627519e+01 -2.522176660578885787e+01
-2.602501331964252884e+01 -2.591878433743113419e+01 -2.580817483800859335e+01 -2.677056410717159807e+01
-2.712605554178406564e+01 -2.735498153674854649e+01 -2.718994651339393798e+01 -2.755278036767371574e+01
-2.788220627909943516e+01 -2.791376923555544920e+01 -2.789279182507411292e+01 -2.798517093012974044e+01
-2.838265999242173621e+01 -2.828049113174159146e+01 -2.836410179750830807e+01 -2.852218125404817428e+01
-2.895928635242713511e+01 -2.862292101354617202e+01 -2.861713630697047961e+01 -2.864087127493123575e+01
-2.962519344946668909e+01 -2.978515049782717838e+01 -2.974801037475298671e+01 -3.012902651063128801e+01
-3.041253966109233886e+01 -2.899013893408474729e+01 -2.860998609617706023e+01 -3.112093349489903460e+01
-3.320333632639828636e+01 -3.020350971086993752e+01 -3.054247555234337241e+01 -3.289256050568009471e+01
-3.480359844470352471e+01 -4.732331645129969644e+01 -3.168804459083312608e+01 -4.522962757829422742e+01
-1.854248067359153396e+01 -2.716527893492074952e+01 -3.766923222770803648e+01 -1.876598008390282146e+01
-1.883198578126959077e+01 -3.570638820719516104e+01 -1.863556667843945291e+01 -1.938670874761361063e+01
-1.921907811259788090e+01 -4.064714097218582367e+01 -1.922331072806717955e+01 -1.935052245625862000e+01
-1.964765512580901330e+01 -4.565507666458697855e+01 -1.934461261199660242e+01 -1.946224403063271780e+01
-1.941361798431410790e+01 -4.287386724882203737e+01 -1.949284328291784263e+01 -2.070957155854119591e+01
-2.087716642060633632e+01 -4.072441342873543135e+01 -2.052827099862697935e+01 -2.080484691474523373e+01
-2.098981653488225874e+01 -4.536566513558874902e+01 -2.098823576692417703e+01 -2.127800659294446106e+01
-2.159055296619145281e+01 -4.408763306868738141e+01 -2.143756534712965944e+01 -2.153802015345363685e+01
-2.286979393761976098e+01 -4.647966856247419543e+01 -2.256157397980271639e+01 -2.273193020136963227e+01
-2.380499951900387146e+01 -4.619635466857068451e+01 -2.383853100390976110e+01 -2.421260983070007100e+01
-2.453719497135011096e+01 -4.752275329550464988e+01 -2.472745876931336895e+01 -2.491057083096693248e+01
-2.548997197495783595e+01 -4.806201692051855900e+01 -2.554721297992335494e+01 -2.570288445145903111e+01
-2.665184160764368571e+01 -4.807409715900921299e+01 -2.655317998216182218e+01 -2.643403933486008839e+01
-2.717468785853713698e+01 -4.564745046252873806e+01 -2.733029000813321829e+01 -2.728834180183302394e+01
-2.783895782685643994e+01 -4.683290544423095270e+01 -2.791597389504322990e+01 -2.774540988852119838e+01
-2.840392073914436466e+01 -4.653660255824440384e+01 -2.833956164741429262e+01 -2.867840272057052786e+01
-2.905025506228003707e+01 -4.501530028983295750e+01 -2.864053301327036749e+01 -2.870299122816338055e+01
-2.971170713145711417e+01 -4.562217493523053946e+01 -2.761081165016469541e+01 -2.937788627657930363e+01
-3.018256475440960784e+01 -4.539311084907032523e+01 -2.790705536768545869e+01 -4.729749508528167468e+01
-4.894691951072282876e+01 -4.667076238652357034e+01 -4.916930542867277154e+01 -4.908730509523133634e+01
